  

Resetting position 0.000000 0.000000 0.000000 | 0.000000 0.000000 357.270386
2003 Start Autonomous, 0
2003"drive"State:3, TO:5003 velS:-1.000000, -1, -1
(-0.023131,0.485174)RobotPos-0.047640, PosTo0.000000
Front facing target (0.000000, 35.000000)
0FollowLine, invertAxes?0, to (-34.514828, )
-0.023131, -34.514828, -0.737463, -19.531845, -0.013098, -19.545759, -0.724365, 0.013914, 0.724499
-0.023131, -34.514828, -0.737463, -19.531845, -0.013098, -19.545759, -0.724365, 0.013914, 0.724499
-0.046263, -34.029652, -0.760594, -19.046669, -0.012773, -19.061846, -0.747821, 0.015177, 0.747975
-0.069394, -33.544479, -0.783725, -18.561497, -0.012449, -18.578032, -0.771276, 0.016535, 0.771453
-0.092525, -33.059303, -0.806857, -18.076321, -0.012125, -18.094315, -0.794731, 0.017994, 0.794935
-0.115656, -32.574131, -0.829988, -17.591148, -0.011801, -17.610714, -0.818187, 0.019566, 0.818421
-0.138788, -32.088955, -0.853119, -17.105972, -0.011477, -17.127230, -0.841642, 0.021257, 0.841910
-0.161919, -31.603783, -0.876250, -16.620800, -0.011153, -16.643879, -0.865097, 0.023079, 0.865405
-0.185050, -31.118608, -0.899382, -16.135628, -0.010829, -16.160671, -0.888552, 0.025043, 0.888905
-0.208181, -30.633434, -0.922513, -15.650453, -0.010506, -15.677613, -0.912007, 0.027161, 0.912412
-0.231313, -30.148260, -0.945644, -15.165278, -0.010182, -15.194729, -0.935462, 0.029450, 0.935925
-0.254444, -29.663086, -0.968775, -14.680104, -0.009859, -14.712031, -0.958917, 0.031927, 0.959448
-0.277575, -29.177912, -0.991907, -14.194930, -0.009535, -14.229540, -0.982371, 0.034610, 0.982981
-0.300706, -28.692738, -1.015038, -13.709756, -0.009212, -13.747277, -1.005826, 0.037521, 1.006525
-0.323838, -28.207563, -1.038169, -13.224582, -0.008889, -13.265265, -1.029280, 0.040684, 1.030084
-0.346969, -27.722389, -1.061300, -12.739408, -0.008566, -12.783536, -1.052734, 0.044128, 1.053658
-0.370100, -27.237215, -1.084432, -12.254233, -0.008244, -12.302120, -1.076188, 0.047887, 1.077253
-0.393231, -26.752041, -1.107563, -11.769059, -0.007921, -11.821057, -1.099642, 0.051998, 1.100870
-0.416363, -26.266867, -1.130694, -11.283885, -0.007599, -11.340390, -1.123095, 0.056505, 1.124515
-0.439494, -25.781693, -1.153825, -10.798711, -0.007277, -10.860175, -1.146548, 0.061464, 1.148194
-0.462625, -25.296518, -1.176957, -10.313537, -0.006956, -10.380472, -1.170001, 0.066936, 1.171914
-0.485756, -24.811344, -1.200088, -9.828362, -0.006635, -9.901358, -1.193453, 0.072995, 1.195683
-0.508888, -24.326170, -1.223219, -9.343188, -0.006314, -9.422918, -1.216905, 0.079730, 1.219514
-0.532019, -23.840996, -1.246350, -8.858014, -0.005994, -8.945266, -1.240356, 0.087252, 1.243421
-0.555150, -23.355822, -1.269482, -8.372840, -0.005675, -8.468530, -1.263807, 0.095690, 1.267424
-0.578281, -22.870647, -1.292613, -7.887666, -0.005356, -7.992877, -1.287257, 0.105212, 1.291549
-0.601413, -22.385473, -1.315744, -7.402492, -0.005038, -7.518513, -1.310706, 0.116021, 1.315831
-0.624544, -21.900299, -1.338875, -6.917317, -0.004721, -7.045697, -1.334154, 0.128379, 1.340316
-0.647675, -21.415125, -1.362007, -6.432143, -0.004406, -6.574763, -1.357601, 0.142620, 1.365072
-0.670806, -20.929951, -1.385138, -5.946969, -0.004092, -6.106147, -1.381046, 0.159178, 1.390189
-0.693938, -20.444777, -1.408269, -5.461795, -0.003780, -5.640427, -1.404490, 0.178632, 1.415804
-0.717069, -19.959602, -1.431400, -4.976621, -0.003470, -5.178382, -1.427930, 0.201762, 1.442114
-0.740200, -19.474428, -1.454532, -4.491446, -0.003164, -4.721096, -1.451368, 0.229649, 1.469424
-0.763331, -18.989254, -1.477663, -4.006272, -0.002861, -4.270093, -1.474802, 0.263821, 1.498213
-0.786463, -18.504080, -1.500794, -3.521098, -0.002565, -3.827598, -1.498229, 0.306500, 1.529259
-0.809594, -18.018906, -1.523925, -3.035924, -0.002276, -3.396936, -1.521649, 0.361012, 1.563888
-0.832725, -17.533731, -1.547057, -2.550750, -0.001999, -2.983237, -1.545058, 0.432487, 1.604446
-0.855856, -17.048557, -1.570188, -2.065576, -0.001739, -2.594627, -1.568449, 0.529051, 1.655273
-0.878988, -16.563383, -1.254889, -8.678917, -0.005876, -8.769168, -1.249013, 0.090251, 1.252269
-0.902119, -16.078209, -1.278020, -8.193743, -0.005557, -8.292811, -1.272463, 0.099069, 1.276314
-0.925250, -15.593035, -1.301151, -7.708569, -0.005239, -7.817608, -1.295913, 0.109039, 1.300492
-0.948381, -15.107861, -1.324283, -7.223395, -0.004921, -7.343781, -1.319362, 0.120387, 1.324843
-0.971513, -14.622686, -1.347414, -6.738221, -0.004605, -6.871617, -1.342809, 0.133397, 1.349419
-0.994644, -14.137512, -1.370545, -6.253047, -0.004290, -6.401482, -1.366256, 0.148435, 1.374295
-1.017775, -13.652338, -1.393677, -5.767872, -0.003976, -5.933858, -1.389700, 0.165986, 1.399578
-1.040906, -13.167164, -1.416808, -5.282698, -0.003665, -5.469390, -1.413143, 0.186692, 1.425421
-1.064038, -12.681990, -1.439939, -4.797524, -0.003357, -5.008956, -1.436582, 0.211432, 1.452058
-1.087169, -12.196815, -1.463070, -4.312350, -0.003052, -4.553782, -1.460019, 0.241432, 1.479846
-1.110300, -11.711641, -1.486202, -3.827176, -0.002751, -4.105613, -1.483450, 0.278438, 1.509355
-1.133431, -11.226467, -1.509333, -3.342001, -0.002457, -3.667022, -1.506876, 0.325021, 1.541529
-1.156563, -10.741293, -1.532464, -2.856827, -0.002172, -3.241898, -1.530292, 0.385071, 1.577996
-1.179694, -10.256119, -1.555595, -2.371653, -0.001901, -2.836302, -1.553695, 0.464649, 1.621686
-1.202825, -9.770945, -1.255256, -8.671211, -0.005871, -8.761595, -1.249385, 0.090384, 1.252650
-1.225956, -9.285770, -1.278388, -8.186037, -0.005552, -8.285254, -1.272835, 0.099217, 1.276697
-1.249088, -8.800596, -1.301519, -7.700863, -0.005234, -7.810071, -1.296285, 0.109208, 1.300877
-1.272219, -8.315422, -1.324650, -7.215689, -0.004916, -7.336268, -1.319734, 0.120580, 1.325231
Vel y | a: 48.571957 | 0.000000
Applying harsh stop: -30 -30
5003"drive"safety: Timedout? 1 at 5003 VelSafety? 0
5003"drive"State:0, TO:0 velS:-1.000000, -1, -1
Resetting position 0.000000 0.000000 0.000000 | 34.000000 20.000000 319.056335
2001 Start Autonomous, 0
2001"drive"State:3, TO:5001 velS:-1.000000, -1, -1
(19.681696,34.366894)RobotPos-0.714602, PosTo-1.520838
Front facing target (0.000000, 35.000000)
1FollowLine, invertAxes?0, to (19.681696, )
-0.633106, 19.681696, -10.462857, 31.012009, 32.712521, -1.052271, -43.175377, 32.064281, 53.779472
-0.633106, 19.681696, -10.462857, 31.012009, 32.712521, -1.052271, -43.175377, 32.064281, 53.779472
-0.266212, 19.363392, -10.095963, 30.693707, 32.294781, -1.038834, -42.390743, 31.732540, 52.952141
0.100681, 19.045088, -9.729070, 30.375401, 31.878962, -1.025458, -41.608032, 31.400858, 52.127174
0.467575, 18.726784, -9.362176, 30.057098, 31.465141, -1.012147, -40.827316, 31.069244, 51.304657
0.834469, 18.408480, -8.995282, 29.738792, 31.053391, -0.998902, -40.048672, 30.737694, 50.484669
1.201363, 18.090176, -8.628388, 29.420490, 30.643803, -0.985727, -39.272190, 30.406218, 49.667324
1.568256, 17.771872, -8.261495, 29.102184, 30.236460, -0.972623, -38.497955, 30.074808, 48.852703
1.935150, 17.453568, -7.894601, 28.783882, 29.831457, -0.959596, -37.726059, 29.743477, 48.040920
2.302044, 17.135263, -7.527707, 28.465576, 29.428885, -0.946646, -36.956593, 29.412222, 47.232071
2.668938, 16.816959, -4.830014, 25.460667, 25.901360, -0.833175, -30.731373, 26.293842, 40.444820
3.035831, 16.498655, -4.463120, 25.142361, 25.522221, -0.820979, -29.985340, 25.963341, 39.663784
3.402725, 16.180351, -4.096227, 24.824059, 25.146742, -0.808901, -29.242970, 25.632959, 38.887012
3.769619, 15.862047, -3.729333, 24.505753, 24.775084, -0.796946, -28.504417, 25.302698, 38.114674
4.136513, 15.543743, -3.362439, 24.187450, 24.407423, -0.785119, -27.769863, 24.972570, 37.346947
4.503407, 15.225439, -2.995545, 23.869144, 24.043943, -0.773427, -27.039490, 24.642572, 36.584019
4.870300, 14.907135, -2.628652, 23.550842, 23.684835, -0.761876, -26.313488, 24.312717, 35.826077
5.237194, 14.588831, -2.261758, 23.232536, 23.330303, -0.750471, -25.592060, 23.983007, 35.073326
5.604088, 14.270527, -1.894864, 22.914234, 22.980560, -0.739221, -24.875423, 23.653456, 34.325977
5.970982, 13.952223, -1.527970, 22.595928, 22.635824, -0.728132, -24.163795, 23.324060, 33.584236
6.337875, 13.633919, -1.161077, 22.277626, 22.296331, -0.717211, -23.457409, 22.994837, 32.848328
6.704769, 13.315615, 1.500307, 19.314566, 19.362732, -0.622846, -17.862425, 19.937412, 26.768763
7.071663, 12.997311, 1.867200, 18.996262, 19.077940, -0.613685, -17.210739, 19.609947, 26.091370
7.438557, 12.679007, 2.234094, 18.677958, 18.801371, -0.604788, -16.567276, 19.282745, 25.422411
7.805450, 12.360703, 2.600988, 18.359653, 18.533392, -0.596168, -15.932404, 18.955822, 24.762161
8.172344, 12.042398, 2.967882, 18.041349, 18.274384, -0.587836, -15.306501, 18.629187, 24.110901
8.539238, 11.724094, 3.334775, 17.723045, 18.024729, -0.579806, -14.689953, 18.302851, 23.468895
8.906132, 11.405790, 3.701669, 17.404741, 17.784828, -0.572089, -14.083158, 17.976830, 22.836412
9.273026, 11.087486, 4.068563, 17.086437, 17.555077, -0.564698, -13.486513, 17.651136, 22.213705
9.639919, 10.769182, 4.435457, 16.768133, 17.335876, -0.557647, -12.900419, 17.325781, 21.601007
10.006813, 10.450878, 4.802351, 16.449829, 17.127634, -0.550949, -12.325283, 17.000778, 20.998549
10.373707, 10.132574, 5.169244, 16.131525, 16.930759, -0.544616, -11.761515, 16.676142, 20.406542
10.740601, 9.814270, 7.830627, 13.168466, 15.312890, -0.492573, -7.482263, 13.661039, 15.575887
11.107494, 9.495966, 8.197521, 12.850162, 15.234365, -0.490047, -7.036843, 13.340209, 15.082385
11.474388, 9.177662, 8.564415, 12.531857, 15.170976, -0.488008, -6.606561, 13.019866, 14.600121
11.841282, 8.859358, 8.931309, 12.213553, 15.122913, -0.486462, -6.191605, 12.700016, 14.128920
12.208176, 8.541054, 9.298203, 11.895249, 15.090325, -0.485414, -5.792123, 12.380664, 13.668560
12.575069, 8.222750, 9.665096, 11.576945, 15.073310, -0.484867, -5.408214, 12.061812, 13.218779
12.941963, 7.904446, 10.031990, 11.258642, 15.071921, -0.484822, -5.039931, 11.743464, 12.779275
13.308857, 7.586143, 10.398884, 10.940338, 15.086163, -0.485280, -4.687279, 11.425618, 12.349710
13.675751, 7.267839, 10.765778, 10.622034, 15.115991, -0.486240, -4.350213, 11.108274, 11.929714
14.042645, 6.949535, 11.132671, 10.303731, 15.161312, -0.487698, -4.028641, 10.791429, 11.518892
14.409538, 6.631232, 11.499565, 9.985428, 15.221992, -0.489649, -3.722426, 10.475078, 11.116821
14.776432, 6.312928, 14.160947, 7.022370, 15.798349, -0.508189, -1.637403, 7.530560, 7.706518
15.143326, 5.994625, 14.527841, 6.704067, 15.991811, -0.514412, -1.463970, 7.218479, 7.365436
15.510220, 5.676321, 14.894734, 6.385763, 16.197519, -0.521029, -1.302785, 6.906793, 7.028587
15.877113, 5.358017, 15.261628, 6.067460, 16.415010, -0.528026, -1.153382, 6.595485, 6.695574
Vel y | a: 48.572884 | 0.000000
Applying harsh stop: -30 -30
5001"drive"safety: Timedout? 1 at 5001 VelSafety? 0
5001"drive"State:0, TO:0 velS:-1.000000, -1, -1
